  0:JEQ 3,235,3      
  1:ST 0,1023,3
  2:LDC 0,1,0
  3:LDC 3,2,0
  4:LD 3,0,3
  5:ST 0,9,3
  6:SUB 3,3,3
  7:LD 0,1023,3
  8:ST 0,1023,3
  9:ST 1,1022,3
  10:ST 2,1021,3
  11:LDC 0,2,0
  12:LD 0,0,0
  13:LD 0,9,0
  14:LDC 1,2,0
  15:LD 1,0,1
  16:LD 1,8,1
  17:SUB 2,0,1
  18:JGE 2,221,3         
  19:ST 0,1020,3
  20:ST 2,1019,3
  21:ST 0,1018,3
  22:ST 1,1017,3
  23:LDC 0,2,0
  24:LD 0,0,0
  25:LD 0,8,0
  26:ST 2,1016,3
  27:ST 0,1015,3
  28:ST 1,1014,3
  29:LDC 0,2,0
  30:LD 0,0,0
  31:LD 0,9,0
  32:LDC 1,1,0
  33:SUB 2,0,1
  34:LD 1,1014,3
  35:LD 0,1015,3
  36:LDA 1,0,2
  37:LD 2,1016,3
  38:SUB 2,0,1
  39:LD 1,1017,3
  40:LD 0,1018,3
  41:LDA 0,0,2
  42:LD 2,1019,3
  43:LDC 3,2,0
  44:LD 3,0,3
  45:ST 0,10,3
  46:SUB 3,3,3
  47:LD 0,1020,3
  48:ST 0,1020,3
  49:LDC 0,1,0
  50:LDC 3,2,0
  51:LD 3,0,3
  52:ST 0,11,3
  53:SUB 3,3,3
  54:LD 0,1020,3
  55:ST 0,1020,3
  56:ST 1,1019,3
  57:ST 2,1018,3
  58:LDC 0,2,0
  59:LD 0,0,0
  60:LD 0,11,0
  61:LDC 1,2,0
  62:LD 1,0,1
  63:LD 1,10,1
  64:SUB 2,0,1
  65:JGE 2,199,3         
  66:ST 0,1017,3
  67:ST 1,1016,3
  68:ST 2,1015,3
  69:ST 2,1014,3
  70:ST 0,1013,3
  71:ST 1,1012,3
  72:LDC 0,2,0
  73:LD 0,0,0
  74:LD 0,11,0
  75:LDC 1,1,0
  76:ADD 2,0,1
  77:LD 1,1012,3
  78:LD 0,1013,3
  79:LDA 0,0,2
  80:LD 2,1014,3
  81:LDC 3,1,0
  82:LD 3,0,3
  83:LDA 3,10,3
  84:ADD 0,3,0
  85:LD 0,0,0
  86:SUB 3,3,3
  87:LDC 1,2,0
  88:LD 1,0,1
  89:LD 1,11,1
  90:LDC 3,1,0
  91:LD 3,0,3
  92:LDA 3,10,3
  93:ADD 1,3,1
  94:LD 1,0,1
  95:SUB 3,3,3
  96:SUB 2,0,1
  97:JGE 2,170,3    
  98:ST 0,1014,3
  99:LDC 0,2,0
  100:LD 0,0,0
  101:LD 0,11,0
  102:LDC 3,1,0
  103:LD 3,0,3
  104:LDA 3,10,3
  105:ADD 0,3,0
  106:LD 0,0,0
  107:SUB 3,3,3
  108:LDC 3,2,0
  109:LD 3,0,3
  110:ST 0,12,3
  111:SUB 3,3,3
  112:LD 0,1014,3
  113:ST 0,1014,3
  114:ST 1,1013,3
  115:LDC 0,2,0
  116:LD 0,0,0
  117:LD 0,11,0
  118:ST 2,1012,3
  119:ST 0,1011,3
  120:ST 1,1010,3
  121:LDC 0,2,0
  122:LD 0,0,0
  123:LD 0,11,0
  124:LDC 1,1,0
  125:ADD 2,0,1
  126:LD 1,1010,3
  127:LD 0,1011,3
  128:LDA 1,0,2
  129:LD 2,1012,3
  130:LDC 3,1,0
  131:LD 3,0,3
  132:LDA 3,10,3
  133:ADD 1,3,1
  134:LD 1,0,1
  135:SUB 3,3,3
  136:LDC 3,1,0
  137:LD 3,0,3
  138:LDA 3,10,3
  139:ADD 3,3,0
  140:ST 1,0,3
  141:SUB 3,3,3
  142:LD 1,1013,3
  143:LD 0,1014,3
  144:ST 0,1014,3
  145:ST 1,1013,3
  146:ST 2,1012,3
  147:ST 0,1011,3
  148:ST 1,1010,3
  149:LDC 0,2,0
  150:LD 0,0,0
  151:LD 0,11,0
  152:LDC 1,1,0
  153:ADD 2,0,1
  154:LD 1,1010,3
  155:LD 0,1011,3
  156:LDA 0,0,2
  157:LD 2,1012,3
  158:LDC 1,2,0
  159:LD 1,0,1
  160:LD 1,12,1
  161:LDC 3,1,0
  162:LD 3,0,3
  163:LDA 3,10,3
  164:ADD 3,3,0
  165:ST 1,0,3
  166:SUB 3,3,3
  167:LD 1,1013,3
  168:LD 0,1014,3
  169:JEQ 3,177,3   
  170:ST 0,1014,3
  171:LDC 0,0,0
  172:LDC 3,2,0
  173:LD 3,0,3
  174:ST 0,12,3
  175:SUB 3,3,3
  176:LD 0,1014,3
  177:LD 2,1015,3
  178:LD 1,1016,3
  179:LD 0,1017,3
  180:ST 0,1017,3
  181:ST 2,1016,3
  182:ST 0,1015,3
  183:ST 1,1014,3
  184:LDC 0,2,0
  185:LD 0,0,0
  186:LD 0,11,0
  187:LDC 1,1,0
  188:ADD 2,0,1
  189:LD 1,1014,3
  190:LD 0,1015,3
  191:LDA 0,0,2
  192:LD 2,1016,3
  193:LDC 3,2,0
  194:LD 3,0,3
  195:ST 0,11,3
  196:SUB 3,3,3
  197:LD 0,1017,3
  198:JEQ 3,58,3
  199:LD 2,1018,3
  200:LD 1,1019,3
  201:LD 0,1020,3
  202:ST 0,1020,3
  203:ST 2,1019,3
  204:ST 0,1018,3
  205:ST 1,1017,3
  206:LDC 0,2,0
  207:LD 0,0,0
  208:LD 0,9,0
  209:LDC 1,1,0
  210:ADD 2,0,1
  211:LD 1,1017,3
  212:LD 0,1018,3
  213:LDA 0,0,2
  214:LD 2,1019,3
  215:LDC 3,2,0
  216:LD 3,0,3
  217:ST 0,9,3
  218:SUB 3,3,3
  219:LD 0,1020,3
  220:JEQ 3,11,3
  221:LD 2,1021,3
  222:LD 1,1022,3
  223:LD 0,1023,3
  224:LD 1,1,6
  225:ST 1,1023,3
  226:LD 0,3,6
  227:LD 1,4,6
  228:LD 2,5,6
  229:LD 4,6,6
  230:LDA 5,0,6
  231:LD 6,0,5
  232:SUB 3,3,3
  233:LD 3,1023,3
  234:JNE 7,0,3
  235:LDC 4,41,0
  236:LDC 5,42,0
  237:LDC 6,10,0
  238:SUB 3,3,3
  239:ST 6,1,3
  240:ST 0,1023,3
  241:IN 0,1,1
  242:LDC 3,1,0
  243:LD 3,0,3
  244:ST 0,10,3
  245:SUB 3,3,3
  246:LD 0,1023,3
  247:ST 0,1023,3
  248:LDC 0,1,0
  249:LDC 3,1,0
  250:LD 3,0,3
  251:ST 0,8,3
  252:SUB 3,3,3
  253:LD 0,1023,3
  254:ST 0,1023,3
  255:ST 1,1022,3
  256:ST 2,1021,3
  257:LDC 0,1,0
  258:LD 0,0,0
  259:LD 0,8,0
  260:ST 2,1020,3
  261:ST 0,1019,3
  262:ST 1,1018,3
  263:LDC 0,1,0
  264:LD 0,0,0
  265:LD 0,10,0
  266:LDC 1,1,0
  267:ADD 2,0,1
  268:LD 1,1018,3
  269:LD 0,1019,3
  270:LDA 1,0,2
  271:LD 2,1020,3
  272:SUB 2,0,1
  273:JGE 2,316,3        
  274:ST 0,1020,3
  275:IN 0,1,1
  276:LDC 3,1,0
  277:LD 3,0,3
  278:ST 0,9,3
  279:SUB 3,3,3
  280:LD 0,1020,3
  281:ST 0,1020,3
  282:ST 1,1019,3
  283:LDC 0,1,0
  284:LD 0,0,0
  285:LD 0,8,0
  286:LDC 1,1,0
  287:LD 1,0,1
  288:LD 1,9,1
  289:LDC 3,1,0
  290:LD 3,0,3
  291:LDA 3,10,3
  292:ADD 3,3,0
  293:ST 1,0,3
  294:SUB 3,3,3
  295:LD 1,1019,3
  296:LD 0,1020,3
  297:ST 0,1020,3
  298:ST 2,1019,3
  299:ST 0,1018,3
  300:ST 1,1017,3
  301:LDC 0,1,0
  302:LD 0,0,0
  303:LD 0,8,0
  304:LDC 1,1,0
  305:ADD 2,0,1
  306:LD 1,1017,3
  307:LD 0,1018,3
  308:LDA 0,0,2
  309:LD 2,1019,3
  310:LDC 3,1,0
  311:LD 3,0,3
  312:ST 0,8,3
  313:SUB 3,3,3
  314:LD 0,1020,3
  315:JEQ 3,257,3
  316:LD 2,1021,3
  317:LD 1,1022,3
  318:LD 0,1023,3
  319:ST 0,1023,3
  320:ST 1,1022,3
  321:LDC 0,1,0
  322:LD 0,0,0
  323:LD 0,10,0
  324:LDA 1,8,5
  325:ST 0,0,1
  326:LD 1,1022,3
  327:LD 0,1023,3
  328:ST 0,3,5
  329:ST 1,4,5
  330:ST 2,5,5
  331:ST 4,6,5
  332:ST 6,0,5
  333:ST 0,1023,3
  334:LDC 0,2,0
  335:ST 0,2,5
  336:LD 0,2,3
  337:ST 0,13,5
  338:LDC 3,2,0
  339:ST 5,0,3
  340:SUB 3,3,3
  341:LDA 0,5,7
  342:ST 0,1,5
  343:LD 0,1023,3
  344:LDA 6,0,5
  345:LDA 5,14,5
  346:JEQ 3,1,3
  347:SUB 3,3,3
  348:ST 0,1023,3
  349:LDC 0,1,0
  350:LDC 3,1,0
  351:LD 3,0,3
  352:ST 0,8,3
  353:SUB 3,3,3
  354:LD 0,1023,3
  355:ST 0,1023,3
  356:ST 1,1022,3
  357:ST 2,1021,3
  358:LDC 0,1,0
  359:LD 0,0,0
  360:LD 0,8,0
  361:ST 2,1020,3
  362:ST 0,1019,3
  363:ST 1,1018,3
  364:LDC 0,1,0
  365:LD 0,0,0
  366:LD 0,10,0
  367:LDC 1,1,0
  368:ADD 2,0,1
  369:LD 1,1018,3
  370:LD 0,1019,3
  371:LDA 1,0,2
  372:LD 2,1020,3
  373:SUB 2,0,1
  374:JGE 2,406,3        
  375:ST 0,1020,3
  376:LDC 0,1,0
  377:LD 0,0,0
  378:LD 0,8,0
  379:LDC 3,1,0
  380:LD 3,0,3
  381:LDA 3,10,3
  382:ADD 0,3,0
  383:LD 0,0,0
  384:SUB 3,3,3
  385:OUT 0,0,0
  386:LD 0,1020,3
  387:ST 0,1020,3
  388:ST 2,1019,3
  389:ST 0,1018,3
  390:ST 1,1017,3
  391:LDC 0,1,0
  392:LD 0,0,0
  393:LD 0,8,0
  394:LDC 1,1,0
  395:ADD 2,0,1
  396:LD 1,1017,3
  397:LD 0,1018,3
  398:LDA 0,0,2
  399:LD 2,1019,3
  400:LDC 3,1,0
  401:LD 3,0,3
  402:ST 0,8,3
  403:SUB 3,3,3
  404:LD 0,1020,3
  405:JEQ 3,358,3
  406:LD 2,1021,3
  407:LD 1,1022,3
  408:LD 0,1023,3
